import numpy as np

A1 = np.array([[0., 0.05206822, 0.05559257, 0.09066761, 0.05173878, 0.10082203, 0.06387455, 0.07577328, 0.05956325, 0.05561137, 0.05756839],
               [0.05206822, 0., 0.05826987, 0.09225559, 0.05392855, 0.10306227, 0.06291967, 0.07818858, 0.05748728, 0.05969298, 0.05809662],
               [0.05559257, 0.05826987, 0., 0.07627498, 0.05194135, 0.08671424, 0.07749749, 0.06358868, 0.07311634, 0.05257309, 0.07012908],
               [0.09066761, 0.09225559, 0.07627498, 0., 0.08209279, 0.05484142, 0.11861879, 0.05815324, 0.11371762, 0.07517917, 0.11072807],
               [0.05173878, 0.05392855, 0.05194135, 0.08209279, 0., 0.09217068, 0.07050481, 0.06746476, 0.06650807, 0.05178168, 0.06421719],
               [0.10082203, 0.10306227, 0.08671424, 0.05484142, 0.09217068, 0., 0.13005408, 0.06410377, 0.12468524, 0.08400607, 0.12151686],
               [0.06387455, 0.06291967, 0.07749749, 0.11861879, 0.07050481, 0.13005408, 0., 0.1027493, 0.05239697, 0.07828035, 0.05233652],
               [0.07577328, 0.07818858, 0.06358868, 0.05815324, 0.06746476, 0.06410377, 0.1027493, 0., 0.09848575, 0.06214906, 0.09490946],
               [0.05956325, 0.05748728, 0.07311634, 0.11371762, 0.06650807, 0.12468524, 0.05239697, 0.09848575, 0., 0.07375374, 0.05184602],
               [0.05561137, 0.05969298, 0.05257309, 0.07517917, 0.05178168, 0.08400607, 0.07828035, 0.06214906, 0.07375374, 0., 0.07095876],
               [0.05756839, 0.05809662, 0.07012908, 0.11072807, 0.06421719, 0.12151686, 0.05233652, 0.09490946, 0.05184602, 0.07095876, 0.]])

A2 = np.array([[0., 0.05265332, 0.07204785, 0.08919591, 0.06054575, 0.09776172, 0.20335118, 0.0680621, 0.08269316, 0.07214312, 0.0982641],
               [0.05265332, 0., 0.07689217, 0.09262122, 0.06417327, 0.10202226, 0.19930047, 0.0719004, 0.07879999, 0.07775791, 0.09435145],
               [0.07204785, 0.07689217, 0., 0.06000732, 0.05601662, 0.066405, 0.24267655, 0.05493281, 0.12153199, 0.05323834, 0.13769982],
               [0.08919591, 0.09262122, 0.06000732, 0., 0.06882058, 0.0552115, 0.25885772, 0.06349085, 0.14025748, 0.05961391, 0.1541041],
               [0.06054575, 0.06417327, 0.05601662, 0.06882058, 0., 0.07626239, 0.22642688, 0.05429654, 0.10601266, 0.05547808, 0.1216389],
               [0.09776172, 0.10202226, 0.066405, 0.0552115, 0.07626239, 0., 0.27056516, 0.06908976, 0.1507498, 0.06441854, 0.1656339],
               [0.20335118, 0.19930047, 0.24267655, 0.25885772, 0.22642688, 0.27056516, 0., 0.23734217, 0.15343371, 0.24322441, 0.13143656],
               [0.0680621, 0.0719004, 0.05493281, 0.06349085, 0.05429654, 0.06908976, 0.23734217, 0., 0.11655715, 0.05431377, 0.13174201],
               [0.08269316, 0.07879999, 0.12153199, 0.14025748, 0.10601266, 0.1507498, 0.15343371, 0.11655715, 0., 0.12219833, 0.05973981],
               [0.07214312, 0.07775791, 0.05323834, 0.05961391, 0.05547808, 0.06441854, 0.24322441, 0.05431377, 0.12219833, 0., 0.13836063],
               [0.0982641, 0.09435145, 0.13769982, 0.1541041, 0.1216389, 0.1656339, 0.13143656, 0.13174201, 0.05973981, 0.13836063, 0.]])

result = A2 - A1
print(result)
print(sum(sum(A1<A2)))
print(sum(sum(A1>A2)))
